czas [s]	T2 [C]	T3 [C]	T4 [C]	T6 [C]	T8 [C]
0.000000	23.950000	22.100000	21.430000	23.610000	22.610000
1.000000	23.950000	22.100000	21.430000	23.610000	22.610000
2.000000	23.210000	23.180000	22.160000	22.840000	22.910000
3.000000	23.440000	23.590000	23.040000	22.140000	22.500000
4.000000	24.480000	22.950000	21.470000	22.050000	22.810000
5.000000	24.030000	23.500000	23.000000	21.940000	23.390000
6.000000	24.010000	22.120000	21.260000	23.280000	23.890000
7.000000	24.650000	23.390000	23.020000	23.380000	22.520000
8.000000	25.240000	23.360000	22.360000	23.550000	23.500000
9.000000	25.300000	22.290000	22.980000	22.700000	23.680000
10.000000	24.720000	23.240000	21.970000	23.600000	23.300000
11.000000	25.890000	23.700000	21.190000	21.960000	22.460000
12.000000	26.560000	22.280000	21.840000	22.400000	22.400000
13.000000	27.270000	22.670000	22.030000	22.840000	23.460000
14.000000	27.880000	23.040000	21.310000	23.400000	23.830000
15.000000	28.910000	22.390000	21.400000	23.550000	22.880000
16.000000	28.200000	22.620000	22.000000	23.320000	22.560000
17.000000	28.020000	21.930000	22.040000	23.030000	22.670000
18.000000	29.960000	22.460000	22.420000	22.100000	23.480000
19.000000	29.400000	23.160000	23.080000	23.680000	24.080000
20.000000	30.730000	21.850000	21.880000	22.370000	24.240000
21.000000	31.210000	21.800000	21.820000	22.240000	22.440000
22.000000	30.590000	21.310000	21.290000	23.180000	22.860000
23.000000	31.320000	21.560000	21.840000	23.350000	23.870000
24.000000	32.260000	22.810000	21.390000	22.960000	23.550000
25.000000	32.750000	21.930000	22.740000	23.620000	23.030000
26.000000	33.770000	22.110000	22.240000	21.990000	23.140000
27.000000	35.010000	21.230000	21.550000	22.540000	23.840000
28.000000	33.720000	21.920000	22.260000	22.660000	23.890000
29.000000	35.150000	22.110000	21.520000	21.740000	23.250000
30.000000	35.930000	21.650000	21.550000	21.820000	22.940000
31.000000	36.020000	22.900000	22.420000	23.210000	23.880000
32.000000	36.770000	22.180000	21.960000	21.780000	23.110000
33.000000	36.570000	21.790000	22.540000	22.450000	24.200000
34.000000	37.580000	23.140000	22.610000	22.270000	22.520000
35.000000	37.320000	22.270000	21.960000	23.440000	24.070000
36.000000	38.250000	23.290000	22.660000	23.630000	23.120000
37.000000	39.570000	23.520000	21.700000	23.160000	24.130000
38.000000	38.950000	23.620000	22.320000	22.040000	22.660000
39.000000	40.490000	22.050000	22.290000	23.360000	22.290000
40.000000	41.140000	21.770000	21.620000	23.750000	24.070000
41.000000	41.800000	23.130000	22.390000	22.440000	22.580000
42.000000	41.380000	23.230000	21.970000	23.110000	22.610000
43.000000	41.710000	23.370000	21.100000	23.000000	23.280000
44.000000	42.710000	22.900000	21.390000	22.640000	23.910000
45.000000	42.540000	22.420000	22.920000	23.690000	23.450000
46.000000	43.020000	23.330000	22.220000	22.210000	22.460000
47.000000	44.970000	22.970000	21.900000	22.100000	23.540000
48.000000	45.010000	22.910000	22.500000	23.000000	23.600000
49.000000	45.190000	21.690000	22.630000	22.340000	23.470000
50.000000	46.600000	23.010000	22.850000	23.530000	22.860000
51.000000	45.940000	21.750000	21.000000	22.330000	23.830000
52.000000	47.300000	22.640000	22.860000	23.080000	22.790000
53.000000	46.350000	21.660000	22.040000	22.370000	22.710000
54.000000	46.940000	23.090000	22.720000	23.470000	22.690000
55.000000	47.240000	22.390000	21.240000	23.500000	22.890000
56.000000	48.320000	22.110000	21.450000	23.410000	23.450000
57.000000	48.920000	23.140000	22.620000	22.430000	24.120000
58.000000	48.490000	21.440000	21.280000	22.230000	23.530000
59.000000	49.740000	21.310000	21.160000	23.480000	22.960000
60.000000	51.120000	23.250000	22.490000	23.740000	22.480000
61.000000	51.090000	22.320000	21.770000	22.500000	23.140000
62.000000	50.280000	23.210000	21.570000	23.440000	22.480000
63.000000	50.870000	21.990000	21.920000	23.350000	22.960000
64.000000	52.890000	22.890000	22.390000	23.380000	23.890000
65.000000	52.580000	21.840000	21.620000	22.210000	24.020000
66.000000	53.040000	22.580000	22.670000	22.200000	22.330000
67.000000	54.150000	22.500000	21.190000	23.710000	22.970000
68.000000	53.730000	22.870000	22.650000	23.330000	22.580000
69.000000	53.190000	22.910000	21.440000	22.720000	22.550000
70.000000	53.880000	21.430000	22.490000	23.470000	23.390000
71.000000	54.350000	22.520000	21.850000	22.570000	24.220000
72.000000	56.100000	22.650000	21.900000	23.300000	23.190000
73.000000	55.760000	22.570000	21.860000	22.970000	24.170000
74.000000	56.110000	22.310000	21.340000	22.370000	23.080000
75.000000	56.300000	21.580000	22.270000	22.900000	23.980000
76.000000	56.540000	22.930000	22.060000	22.640000	23.550000
77.000000	57.180000	23.770000	20.800000	23.510000	23.370000
78.000000	58.790000	23.060000	21.350000	23.630000	22.550000
79.000000	58.950000	23.880000	21.000000	22.610000	24.230000
80.000000	59.210000	23.220000	21.230000	22.700000	22.530000
81.000000	59.410000	23.520000	21.810000	22.930000	23.310000
82.000000	58.440000	24.420000	22.100000	21.900000	23.170000
83.000000	59.760000	24.230000	21.810000	22.490000	22.810000
84.000000	60.670000	23.720000	21.730000	23.290000	22.330000
85.000000	59.580000	24.970000	22.250000	22.720000	23.100000
86.000000	59.940000	23.150000	21.330000	23.170000	23.110000
87.000000	62.130000	24.680000	20.860000	22.130000	24.000000
88.000000	60.930000	24.890000	22.260000	22.270000	22.840000
89.000000	61.390000	25.170000	21.770000	22.310000	22.810000
90.000000	63.090000	24.160000	22.460000	22.520000	23.380000
91.000000	62.110000	24.340000	21.230000	22.320000	23.370000
92.000000	63.640000	24.240000	21.150000	22.870000	23.210000
93.000000	64.310000	24.290000	22.780000	21.870000	23.900000
94.000000	62.910000	24.980000	22.200000	22.560000	23.490000
95.000000	64.060000	26.020000	22.690000	22.090000	23.070000
96.000000	64.040000	26.190000	21.190000	22.190000	23.250000
97.000000	64.590000	24.910000	22.880000	22.030000	23.390000
98.000000	64.370000	26.660000	21.150000	23.610000	22.720000
99.000000	65.330000	26.070000	22.440000	23.390000	22.480000
100.000000	66.550000	25.880000	23.010000	22.030000	23.640000
101.000000	66.030000	26.750000	21.820000	22.410000	23.230000
102.000000	67.510000	27.440000	22.780000	22.740000	23.010000
103.000000	67.840000	25.980000	21.780000	22.000000	23.360000
104.000000	67.080000	27.390000	21.710000	23.360000	23.340000
105.000000	68.340000	27.340000	23.160000	23.070000	22.890000
106.000000	68.050000	27.210000	21.330000	22.300000	24.220000
107.000000	69.140000	26.960000	21.890000	23.430000	23.270000
108.000000	69.770000	28.710000	21.370000	23.460000	24.030000
109.000000	69.540000	27.190000	21.710000	22.540000	23.700000
110.000000	70.380000	28.930000	21.840000	23.730000	23.770000
111.000000	69.550000	27.640000	22.650000	22.910000	22.630000
112.000000	70.310000	28.320000	21.970000	22.250000	22.600000
113.000000	70.660000	28.320000	21.880000	22.800000	23.880000
114.000000	70.140000	29.660000	23.330000	22.620000	24.230000
115.000000	70.470000	29.950000	22.430000	22.570000	22.930000
116.000000	70.740000	28.460000	22.920000	23.620000	23.700000
117.000000	72.700000	29.310000	21.700000	23.530000	24.070000
118.000000	72.720000	28.660000	22.160000	22.900000	23.640000
119.000000	72.240000	30.140000	22.070000	23.380000	23.000000
120.000000	73.240000	30.700000	23.550000	22.520000	23.660000
121.000000	73.360000	30.850000	23.190000	22.170000	23.480000
122.000000	72.700000	30.010000	23.700000	23.100000	22.540000
123.000000	74.490000	31.250000	23.040000	21.920000	23.880000
124.000000	74.440000	29.610000	22.140000	22.400000	22.840000
125.000000	75.450000	31.030000	23.050000	22.720000	23.040000
126.000000	74.010000	30.330000	23.290000	22.890000	23.040000
127.000000	75.180000	32.140000	22.190000	21.740000	23.720000
128.000000	75.680000	30.520000	23.850000	21.740000	23.900000
129.000000	75.000000	30.950000	22.420000	23.360000	23.510000
130.000000	76.800000	32.340000	22.440000	22.400000	24.150000
131.000000	76.640000	32.070000	22.940000	22.150000	23.780000
132.000000	76.760000	32.970000	22.670000	22.120000	22.740000
133.000000	76.520000	31.950000	22.310000	21.920000	23.520000
134.000000	78.220000	32.020000	23.490000	23.220000	23.910000
135.000000	78.300000	32.780000	22.360000	23.170000	22.730000
136.000000	78.860000	32.290000	23.690000	22.880000	23.530000
137.000000	78.360000	33.460000	22.650000	22.410000	22.410000
138.000000	78.900000	32.580000	23.810000	23.460000	23.740000
139.000000	79.500000	32.520000	24.420000	23.250000	24.050000
140.000000	79.300000	34.270000	24.110000	23.280000	22.600000
141.000000	78.460000	34.460000	22.830000	22.020000	23.570000
142.000000	79.930000	33.430000	23.040000	22.400000	22.480000
143.000000	79.650000	35.020000	23.880000	23.430000	24.120000
144.000000	79.920000	34.870000	24.080000	22.570000	23.820000
145.000000	81.130000	33.540000	23.540000	22.510000	22.590000
146.000000	80.790000	34.010000	23.460000	21.620000	23.130000
147.000000	81.250000	35.730000	23.800000	22.030000	23.330000
148.000000	82.040000	35.170000	22.980000	23.280000	24.150000
149.000000	81.050000	34.810000	23.800000	23.170000	22.720000
150.000000	81.150000	36.300000	23.690000	22.480000	23.750000
151.000000	82.520000	36.400000	24.910000	21.850000	23.470000
152.000000	82.050000	35.740000	23.790000	22.650000	24.000000
153.000000	82.470000	36.190000	24.600000	23.040000	23.330000
154.000000	83.690000	35.850000	24.150000	21.930000	24.070000
155.000000	83.510000	36.670000	23.950000	22.650000	22.510000
156.000000	83.290000	35.560000	24.940000	22.590000	23.520000
157.000000	84.640000	37.070000	24.130000	21.560000	24.130000
158.000000	84.240000	37.500000	23.870000	21.820000	23.400000
159.000000	85.220000	37.930000	24.690000	23.310000	23.620000
160.000000	84.550000	36.970000	23.870000	23.360000	22.740000
161.000000	84.940000	38.150000	24.550000	21.690000	22.920000
162.000000	84.560000	38.610000	23.820000	22.290000	22.450000
163.000000	85.090000	38.240000	24.320000	21.490000	23.020000
164.000000	86.630000	37.460000	24.340000	23.210000	22.600000
165.000000	86.880000	38.290000	24.620000	22.550000	22.500000
166.000000	86.780000	37.730000	25.570000	22.950000	23.050000
167.000000	86.010000	37.870000	25.950000	21.820000	23.300000
168.000000	86.990000	38.740000	24.140000	22.730000	23.270000
169.000000	86.430000	39.410000	25.850000	22.660000	23.790000
170.000000	87.470000	39.700000	25.620000	23.050000	23.970000
171.000000	88.620000	39.750000	24.670000	22.860000	22.690000
172.000000	87.320000	39.170000	24.840000	21.920000	22.690000
173.000000	88.930000	39.740000	25.290000	23.100000	23.810000
174.000000	89.210000	39.410000	25.240000	21.660000	23.740000
175.000000	88.820000	39.500000	25.630000	21.510000	23.080000
176.000000	88.820000	41.020000	26.270000	22.920000	23.150000
177.000000	90.200000	39.680000	25.050000	23.260000	22.720000
178.000000	89.090000	41.110000	25.430000	21.700000	22.460000
179.000000	90.410000	40.660000	26.430000	23.250000	24.270000
180.000000	90.580000	40.750000	26.140000	21.510000	24.050000
181.000000	91.150000	41.890000	25.510000	21.990000	22.760000
182.000000	91.770000	42.280000	26.330000	22.900000	22.480000
183.000000	90.910000	41.850000	26.810000	21.750000	23.740000
184.000000	91.420000	40.920000	27.000000	21.960000	23.500000
185.000000	91.980000	42.520000	26.090000	21.720000	23.540000
186.000000	91.470000	42.230000	26.570000	21.460000	23.000000
187.000000	92.900000	42.000000	25.420000	22.920000	22.830000
188.000000	92.640000	43.000000	26.410000	21.820000	23.360000
189.000000	92.770000	42.800000	25.520000	22.660000	23.610000
190.000000	92.280000	41.910000	26.390000	22.590000	23.430000
191.000000	93.410000	42.590000	26.940000	22.850000	22.310000
192.000000	92.390000	43.310000	26.930000	21.990000	22.770000
193.000000	94.010000	42.850000	26.550000	22.850000	23.070000
194.000000	94.330000	43.190000	25.840000	22.360000	22.290000
195.000000	94.880000	43.200000	27.310000	23.170000	22.560000
196.000000	94.090000	43.630000	26.110000	22.460000	22.910000
197.000000	95.420000	43.590000	27.540000	22.040000	22.520000
198.000000	94.220000	43.480000	26.690000	22.650000	23.270000
199.000000	95.660000	45.370000	26.190000	21.810000	22.880000
200.000000	96.100000	44.750000	26.590000	23.020000	22.710000
201.000000	94.930000	44.050000	27.970000	22.720000	23.110000
202.000000	96.740000	45.070000	27.930000	21.780000	22.500000
203.000000	97.000000	44.430000	28.080000	23.130000	23.340000
204.000000	97.260000	45.910000	26.550000	21.780000	24.230000
205.000000	96.740000	45.460000	26.980000	22.670000	22.540000
206.000000	96.310000	46.640000	28.510000	23.250000	22.850000
207.000000	96.360000	45.910000	26.890000	22.480000	22.520000
208.000000	96.770000	46.610000	27.130000	22.050000	23.790000
209.000000	98.240000	45.310000	28.750000	22.190000	22.380000
210.000000	98.030000	45.560000	27.620000	21.730000	22.530000
211.000000	98.550000	45.860000	27.330000	22.450000	24.210000
212.000000	97.790000	46.260000	29.050000	22.820000	22.830000
213.000000	98.760000	46.090000	28.570000	22.830000	22.800000
214.000000	99.200000	46.550000	29.070000	22.860000	23.370000
215.000000	98.400000	48.200000	29.200000	22.710000	23.840000
216.000000	99.410000	46.570000	27.740000	22.540000	24.240000
217.000000	98.740000	47.500000	29.020000	22.570000	23.570000
218.000000	99.250000	47.220000	28.700000	22.010000	22.720000
219.000000	100.810000	47.310000	29.220000	22.140000	23.480000
220.000000	100.060000	48.180000	28.260000	22.090000	22.490000
221.000000	100.880000	48.720000	29.770000	21.710000	22.670000
222.000000	101.320000	49.520000	29.270000	21.800000	23.000000
223.000000	100.500000	49.120000	28.520000	22.990000	23.980000
224.000000	101.820000	48.490000	28.320000	21.690000	22.960000
225.000000	102.240000	48.140000	28.300000	23.010000	23.310000
226.000000	101.900000	48.780000	28.530000	22.390000	23.860000
227.000000	101.890000	48.710000	29.980000	23.170000	23.390000
228.000000	101.060000	49.340000	28.520000	21.680000	23.570000
229.000000	103.030000	49.620000	29.660000	22.670000	23.160000
230.000000	103.070000	49.090000	29.050000	22.840000	23.110000
231.000000	102.520000	50.300000	28.590000	21.800000	24.240000
232.000000	102.060000	50.640000	29.380000	23.330000	22.800000
233.000000	103.490000	50.710000	29.480000	21.970000	22.610000
234.000000	104.280000	50.970000	29.680000	23.540000	24.250000
235.000000	102.850000	49.900000	29.410000	22.290000	23.510000
236.000000	104.090000	51.000000	30.110000	21.950000	22.620000
237.000000	103.040000	50.300000	29.670000	23.540000	23.260000
238.000000	104.660000	51.590000	30.120000	22.720000	22.660000
239.000000	104.020000	52.430000	30.410000	22.060000	23.400000
240.000000	104.150000	52.010000	30.450000	21.780000	22.620000
241.000000	104.990000	51.470000	29.530000	22.310000	23.950000
242.000000	105.070000	51.610000	30.550000	22.800000	22.840000
243.000000	105.100000	51.250000	29.630000	21.650000	23.290000
244.000000	104.550000	53.140000	31.180000	22.720000	22.800000
245.000000	106.240000	51.960000	30.190000	22.610000	24.060000
246.000000	105.650000	51.850000	30.820000	23.460000	23.540000
247.000000	107.090000	52.490000	31.350000	22.760000	24.080000
248.000000	105.810000	52.730000	31.960000	22.720000	22.790000
249.000000	106.420000	53.590000	30.410000	23.040000	22.510000
250.000000	106.900000	52.840000	31.320000	21.810000	23.310000
251.000000	107.160000	53.640000	31.310000	22.890000	22.770000
252.000000	107.540000	53.900000	31.250000	21.760000	22.630000
253.000000	107.770000	54.820000	31.890000	22.040000	23.930000
254.000000	106.660000	54.570000	31.230000	22.300000	22.290000
255.000000	108.670000	55.040000	31.140000	22.520000	22.750000
256.000000	109.010000	53.960000	32.150000	22.120000	23.970000
257.000000	108.780000	54.360000	32.520000	21.950000	23.980000
258.000000	108.980000	54.480000	31.820000	21.770000	23.020000
259.000000	108.630000	54.680000	32.630000	22.740000	23.240000
260.000000	108.060000	55.930000	32.270000	21.650000	23.340000
261.000000	109.800000	55.750000	32.780000	22.940000	22.450000
262.000000	108.380000	54.520000	31.390000	22.260000	23.310000
263.000000	108.770000	56.530000	32.410000	23.240000	22.470000
264.000000	108.980000	54.980000	31.390000	22.010000	22.860000
265.000000	109.820000	56.670000	31.470000	21.580000	22.790000
266.000000	110.270000	56.500000	31.560000	21.840000	23.860000
267.000000	110.220000	55.630000	32.360000	22.070000	23.750000
268.000000	109.960000	55.690000	32.040000	21.950000	22.630000
269.000000	110.730000	56.740000	33.390000	22.880000	23.500000
270.000000	110.840000	57.030000	33.630000	21.860000	23.520000
271.000000	110.390000	56.710000	32.090000	22.320000	22.630000
272.000000	110.880000	57.350000	33.120000	23.510000	23.480000
273.000000	111.110000	58.150000	32.510000	23.310000	24.140000
274.000000	111.480000	57.340000	33.170000	22.310000	22.630000
275.000000	112.030000	56.970000	32.490000	22.270000	22.420000
276.000000	111.440000	58.540000	34.170000	23.390000	23.950000
277.000000	112.240000	57.210000	32.810000	22.190000	23.130000
278.000000	112.170000	57.800000	33.840000	23.160000	22.340000
279.000000	113.180000	58.330000	33.150000	21.800000	22.900000
280.000000	112.030000	57.910000	34.250000	22.700000	24.130000
281.000000	113.830000	59.010000	32.960000	23.160000	24.190000
282.000000	114.240000	58.850000	33.360000	21.660000	23.430000
283.000000	112.570000	59.690000	34.780000	23.270000	22.680000
284.000000	113.840000	59.400000	33.600000	22.440000	22.460000
285.000000	114.850000	58.630000	34.420000	21.640000	22.740000
286.000000	114.050000	59.700000	33.360000	22.700000	22.500000
287.000000	114.630000	59.330000	33.790000	21.720000	24.180000
288.000000	114.940000	59.060000	35.020000	23.320000	22.240000
289.000000	115.240000	59.180000	33.570000	21.690000	23.590000
290.000000	114.240000	59.860000	35.290000	21.640000	22.430000
291.000000	114.280000	59.980000	35.540000	23.370000	22.700000
292.000000	116.000000	60.580000	34.530000	22.680000	22.280000
293.000000	115.360000	60.160000	34.540000	22.900000	22.300000
294.000000	114.890000	60.120000	35.450000	22.410000	22.940000
295.000000	116.540000	61.080000	34.060000	23.470000	23.560000
296.000000	116.120000	61.570000	34.570000	22.490000	22.510000
297.000000	117.070000	60.240000	35.940000	22.080000	23.470000
298.000000	116.240000	60.700000	34.640000	22.590000	23.150000
299.000000	116.200000	62.110000	35.580000	22.770000	23.080000
300.000000	115.980000	62.390000	35.310000	23.360000	22.530000
301.000000	116.130000	62.670000	34.790000	21.700000	22.350000
302.000000	116.840000	62.360000	36.580000	22.580000	23.190000
303.000000	118.010000	62.320000	36.260000	22.810000	23.010000
304.000000	117.690000	61.370000	35.490000	22.350000	22.740000
305.000000	117.490000	61.920000	35.570000	23.100000	22.390000
306.000000	116.850000	61.740000	35.460000	23.000000	23.950000
307.000000	118.520000	63.150000	36.700000	22.140000	22.480000
308.000000	118.010000	62.500000	37.010000	23.130000	22.330000
309.000000	117.840000	62.110000	36.080000	23.470000	23.250000
310.000000	118.280000	62.140000	36.420000	22.780000	22.280000
311.000000	119.590000	63.100000	36.850000	21.790000	22.970000
312.000000	119.830000	64.140000	36.770000	21.820000	23.260000
313.000000	119.330000	64.380000	37.100000	23.570000	22.990000
314.000000	120.120000	63.010000	35.730000	21.770000	22.630000
315.000000	119.980000	63.600000	37.680000	22.430000	22.530000
316.000000	120.470000	63.530000	37.410000	23.130000	22.430000
317.000000	119.230000	64.610000	36.030000	22.470000	23.660000
318.000000	119.210000	63.310000	37.550000	22.190000	23.300000
319.000000	121.080000	64.450000	37.800000	22.720000	23.850000
320.000000	119.620000	65.270000	37.400000	22.640000	22.510000
321.000000	120.470000	63.730000	37.790000	22.540000	23.910000
322.000000	121.410000	65.230000	36.460000	22.050000	23.310000
323.000000	121.020000	65.220000	37.860000	22.430000	24.150000
324.000000	121.170000	64.950000	38.120000	22.570000	22.310000
325.000000	121.700000	66.110000	37.090000	21.770000	23.380000
326.000000	121.230000	65.880000	37.510000	23.040000	23.350000
327.000000	121.600000	64.670000	38.000000	21.690000	23.370000
328.000000	121.490000	66.120000	38.110000	22.560000	22.640000
329.000000	122.450000	65.000000	37.480000	22.360000	22.290000
330.000000	122.120000	66.920000	37.350000	22.010000	22.350000
331.000000	121.590000	65.350000	38.860000	22.110000	22.930000
332.000000	122.620000	66.090000	38.190000	22.790000	23.890000
333.000000	122.320000	67.440000	38.670000	23.110000	22.400000
334.000000	121.840000	67.270000	38.080000	22.460000	23.900000
335.000000	123.690000	66.060000	38.930000	21.760000	23.370000
336.000000	122.730000	66.750000	38.300000	22.240000	24.160000
337.000000	124.010000	67.540000	39.070000	23.510000	23.960000
338.000000	122.570000	66.300000	39.090000	23.450000	23.810000
339.000000	123.130000	67.610000	39.810000	23.530000	23.930000
340.000000	123.680000	68.100000	38.330000	23.490000	23.860000
341.000000	124.890000	68.120000	40.010000	22.760000	22.410000
342.000000	124.650000	68.660000	38.200000	22.350000	22.560000
343.000000	124.430000	68.070000	39.040000	22.690000	22.870000
344.000000	123.710000	68.830000	38.850000	23.320000	22.370000
345.000000	125.520000	67.480000	40.080000	23.250000	23.510000
346.000000	124.560000	67.800000	40.240000	22.300000	23.450000
347.000000	124.740000	68.800000	39.400000	22.290000	23.060000
348.000000	126.100000	68.130000	38.900000	23.430000	23.180000
349.000000	126.040000	69.640000	39.860000	22.540000	23.800000
350.000000	124.910000	69.150000	39.900000	22.000000	23.980000
351.000000	124.800000	68.610000	40.730000	23.450000	24.120000
352.000000	125.920000	69.150000	39.980000	22.650000	23.600000
353.000000	125.820000	68.640000	40.180000	22.840000	22.580000
354.000000	125.670000	68.920000	40.680000	23.330000	23.500000
355.000000	125.730000	69.660000	40.940000	22.860000	22.290000
356.000000	126.410000	70.280000	39.520000	21.880000	23.000000
357.000000	126.010000	70.210000	41.060000	23.200000	22.520000
358.000000	126.490000	69.810000	39.930000	23.220000	22.420000
359.000000	127.970000	70.250000	39.970000	22.870000	23.970000
360.000000	126.710000	69.880000	40.650000	22.280000	23.860000
361.000000	126.490000	71.240000	40.730000	23.400000	22.370000
362.000000	127.430000	70.950000	41.440000	22.080000	23.190000
363.000000	127.710000	70.600000	41.760000	22.050000	22.580000
364.000000	128.230000	71.560000	41.740000	21.630000	23.580000
365.000000	127.210000	71.820000	40.900000	23.060000	23.860000
366.000000	127.480000	71.660000	41.530000	23.180000	23.950000
367.000000	128.950000	71.260000	40.830000	22.020000	23.550000
368.000000	128.200000	72.370000	42.240000	22.070000	22.510000
369.000000	128.780000	72.490000	41.750000	23.480000	22.950000
370.000000	128.650000	71.910000	41.140000	22.070000	23.210000
371.000000	129.710000	71.050000	41.260000	22.600000	22.400000
372.000000	129.270000	71.410000	41.090000	22.500000	23.750000
373.000000	128.710000	72.390000	42.830000	22.970000	22.450000
374.000000	129.840000	71.570000	42.620000	22.680000	23.030000
375.000000	130.120000	72.280000	41.940000	23.480000	23.000000
376.000000	129.760000	72.970000	41.620000	22.380000	22.810000
377.000000	129.160000	72.050000	42.870000	23.360000	22.250000
378.000000	130.490000	72.910000	43.060000	22.030000	23.250000
379.000000	130.530000	73.140000	41.850000	22.540000	23.740000
380.000000	130.360000	73.330000	42.610000	22.430000	24.070000
381.000000	129.780000	72.890000	42.790000	22.560000	23.410000
382.000000	131.380000	72.700000	41.950000	23.220000	22.930000
383.000000	131.350000	74.570000	42.530000	22.150000	23.090000
384.000000	130.790000	74.420000	42.890000	22.740000	23.190000
385.000000	130.370000	73.840000	43.020000	21.770000	23.040000
386.000000	131.360000	73.190000	44.040000	22.930000	23.220000
387.000000	131.940000	74.510000	43.220000	21.830000	23.670000
388.000000	130.720000	73.740000	42.730000	23.610000	23.250000
389.000000	132.480000	74.070000	42.850000	22.630000	22.440000
390.000000	131.530000	73.600000	42.680000	23.560000	22.190000
391.000000	133.040000	74.650000	42.750000	23.540000	23.220000
392.000000	131.910000	75.650000	43.060000	21.670000	22.890000
393.000000	132.760000	75.480000	43.290000	23.460000	22.530000
394.000000	133.050000	75.730000	44.390000	23.160000	22.510000
395.000000	132.360000	75.300000	44.360000	22.000000	23.670000
396.000000	133.180000	75.370000	44.350000	21.680000	23.270000
397.000000	132.630000	75.710000	43.620000	22.560000	22.160000
398.000000	133.140000	76.270000	43.670000	22.870000	23.940000
399.000000	133.410000	75.180000	44.770000	22.090000	22.150000
400.000000	132.990000	76.360000	44.910000	22.060000	22.270000
401.000000	134.090000	75.070000	43.960000	22.970000	22.720000
402.000000	132.820000	75.570000	44.820000	21.880000	22.540000
403.000000	133.810000	75.510000	44.410000	22.210000	22.560000
404.000000	134.000000	76.540000	43.930000	22.420000	23.200000
405.000000	134.060000	76.600000	45.470000	23.300000	22.730000
406.000000	133.720000	76.090000	44.400000	22.800000	23.010000
407.000000	133.860000	77.720000	45.130000	22.980000	23.080000
408.000000	133.920000	76.040000	44.910000	22.110000	23.630000
409.000000	134.290000	76.620000	45.160000	22.770000	22.160000
410.000000	135.630000	77.020000	44.770000	21.850000	22.880000
411.000000	135.030000	77.090000	44.620000	23.600000	23.530000
412.000000	134.840000	76.730000	44.560000	22.010000	23.760000
413.000000	134.950000	77.270000	45.200000	22.330000	22.560000
414.000000	134.920000	78.590000	45.230000	22.150000	22.980000
415.000000	135.450000	78.730000	45.200000	23.600000	22.450000
416.000000	136.560000	77.370000	45.370000	23.770000	22.320000
417.000000	136.380000	78.190000	45.850000	22.010000	22.350000
418.000000	135.080000	78.140000	45.200000	22.050000	22.490000
419.000000	135.700000	78.700000	45.420000	23.180000	23.910000
420.000000	135.540000	79.390000	46.950000	22.260000	22.360000
421.000000	136.950000	78.660000	45.650000	22.210000	23.510000
422.000000	137.260000	78.100000	45.930000	23.460000	23.960000
423.000000	136.450000	78.770000	46.000000	22.020000	22.970000
424.000000	136.080000	78.980000	45.680000	22.470000	22.200000
425.000000	137.260000	79.430000	46.370000	23.580000	24.100000
426.000000	138.190000	79.270000	45.710000	23.430000	22.160000
427.000000	138.020000	80.120000	46.740000	22.930000	23.730000
428.000000	138.030000	79.190000	46.340000	23.030000	23.330000
429.000000	137.160000	78.870000	46.570000	22.340000	23.150000
430.000000	138.320000	78.820000	47.710000	23.740000	22.240000
431.000000	138.050000	79.650000	47.810000	24.170000	22.270000
432.000000	138.220000	80.660000	47.110000	23.430000	23.590000
433.000000	137.630000	79.980000	47.990000	22.610000	22.280000
434.000000	138.580000	79.820000	47.670000	22.530000	23.550000
435.000000	137.470000	80.800000	47.770000	23.110000	23.300000
436.000000	138.480000	79.810000	47.750000	23.700000	23.210000
437.000000	138.620000	81.650000	47.600000	24.080000	23.480000
438.000000	139.860000	81.590000	48.280000	23.390000	23.230000
439.000000	139.300000	81.240000	47.170000	23.630000	24.130000
440.000000	138.780000	80.450000	48.180000	23.410000	23.950000
441.000000	138.420000	80.450000	48.150000	23.910000	22.850000
442.000000	139.690000	81.680000	48.910000	22.890000	23.110000
443.000000	139.850000	80.860000	47.470000	23.240000	22.300000
444.000000	140.560000	80.580000	48.780000	23.320000	23.990000
445.000000	140.710000	81.230000	47.630000	24.310000	22.720000
446.000000	139.380000	81.040000	47.930000	22.930000	22.810000
447.000000	139.270000	82.440000	49.080000	22.930000	23.640000
448.000000	140.760000	81.990000	47.990000	23.210000	22.610000
449.000000	139.550000	82.940000	49.390000	23.520000	22.580000
450.000000	139.570000	82.530000	47.920000	23.540000	23.910000
451.000000	139.760000	83.020000	48.970000	23.790000	22.910000
452.000000	140.310000	83.240000	49.360000	23.870000	22.860000
453.000000	141.010000	82.140000	48.060000	24.680000	22.230000
454.000000	141.450000	83.400000	48.280000	23.420000	22.530000
455.000000	141.530000	83.020000	49.090000	24.710000	22.950000
456.000000	141.630000	83.110000	50.200000	23.670000	23.300000
457.000000	141.700000	82.690000	48.700000	23.250000	23.080000
458.000000	142.380000	83.930000	48.720000	23.100000	23.490000
459.000000	141.780000	82.580000	48.700000	23.860000	23.900000
460.000000	142.190000	83.110000	50.050000	23.400000	22.680000
461.000000	142.770000	82.960000	50.280000	23.570000	23.050000
462.000000	141.900000	84.420000	49.420000	23.590000	23.820000
463.000000	143.030000	83.490000	50.800000	23.470000	23.420000
464.000000	141.510000	84.270000	50.200000	24.400000	24.030000
465.000000	142.800000	84.430000	49.080000	24.180000	23.090000
466.000000	143.420000	84.410000	49.960000	23.480000	22.310000
467.000000	143.470000	83.410000	50.940000	24.540000	23.890000
468.000000	142.470000	85.170000	49.690000	23.290000	23.180000
469.000000	142.860000	84.230000	49.940000	24.240000	22.470000
470.000000	143.440000	85.340000	50.280000	25.010000	23.720000
471.000000	142.420000	84.630000	51.120000	23.800000	24.020000
472.000000	142.950000	85.110000	51.100000	23.530000	24.020000
473.000000	144.350000	85.790000	50.930000	24.350000	23.420000
474.000000	144.490000	85.470000	49.890000	24.720000	23.900000
475.000000	143.500000	85.820000	51.200000	23.740000	22.480000
476.000000	143.260000	85.450000	51.170000	24.330000	23.320000
477.000000	143.210000	85.180000	51.640000	24.650000	23.410000
478.000000	143.790000	86.110000	51.070000	24.590000	23.860000
479.000000	144.040000	85.180000	52.240000	24.500000	22.650000
480.000000	145.300000	85.580000	50.470000	23.980000	23.290000
481.000000	145.290000	86.300000	50.860000	24.180000	24.030000
482.000000	145.050000	86.970000	52.310000	24.970000	23.310000
483.000000	143.970000	86.150000	50.920000	23.720000	23.610000
484.000000	144.470000	86.420000	51.170000	25.220000	23.570000
485.000000	144.330000	85.710000	50.870000	24.860000	23.500000
486.000000	144.820000	87.120000	51.940000	23.760000	24.300000
487.000000	144.660000	85.860000	51.110000	24.930000	24.130000
488.000000	146.260000	87.160000	52.880000	24.940000	22.570000
489.000000	144.770000	87.660000	51.640000	23.760000	22.700000
490.000000	146.040000	87.440000	51.590000	24.990000	23.700000
491.000000	144.970000	86.840000	52.920000	24.940000	22.530000
492.000000	146.820000	87.540000	52.270000	24.690000	23.970000
493.000000	145.320000	87.560000	51.810000	25.650000	22.610000
494.000000	145.470000	87.340000	52.710000	24.710000	23.080000
495.000000	147.240000	88.410000	51.630000	24.850000	22.430000
496.000000	145.720000	87.100000	53.220000	25.160000	24.170000
497.000000	147.120000	88.830000	53.370000	24.110000	22.800000
498.000000	146.960000	88.960000	53.240000	25.770000	23.630000
499.000000	146.600000	87.700000	52.310000	24.430000	23.750000
500.000000	147.150000	87.810000	52.950000	25.850000	23.150000
501.000000	146.140000	87.960000	52.770000	25.260000	23.970000
502.000000	147.410000	87.480000	53.320000	25.270000	23.720000
503.000000	147.520000	88.240000	52.580000	24.460000	22.470000
504.000000	147.710000	89.190000	52.560000	25.140000	22.700000
505.000000	147.040000	88.750000	53.540000	26.190000	23.050000
506.000000	147.850000	88.440000	52.790000	25.060000	22.870000
507.000000	148.280000	88.000000	54.290000	24.390000	24.230000
508.000000	147.960000	89.030000	54.060000	25.570000	22.730000
509.000000	147.730000	88.260000	52.880000	24.950000	24.220000
510.000000	147.530000	89.010000	54.760000	25.060000	22.620000
511.000000	148.230000	89.120000	53.110000	25.720000	24.420000
512.000000	148.380000	89.440000	54.060000	26.270000	24.030000
513.000000	148.340000	89.100000	53.230000	26.050000	24.190000
514.000000	147.890000	89.410000	53.250000	26.020000	24.120000
515.000000	149.030000	90.050000	54.080000	26.060000	22.670000
516.000000	149.140000	89.680000	53.630000	24.690000	23.510000
517.000000	149.650000	90.690000	55.260000	25.780000	22.520000
518.000000	149.530000	91.180000	55.150000	26.330000	23.290000
519.000000	148.770000	90.880000	55.410000	26.420000	23.220000
520.000000	148.800000	90.620000	54.410000	25.600000	22.940000
521.000000	148.690000	90.750000	54.300000	26.560000	23.780000
522.000000	149.540000	90.940000	55.110000	25.740000	23.720000
523.000000	149.090000	90.520000	54.420000	25.780000	24.320000
524.000000	149.800000	90.580000	55.760000	26.450000	24.450000
525.000000	150.140000	91.940000	54.290000	25.760000	23.860000
526.000000	149.690000	91.060000	55.380000	26.470000	24.190000
527.000000	149.910000	91.250000	55.890000	26.660000	23.060000
528.000000	149.810000	90.820000	55.640000	26.080000	24.060000
529.000000	150.780000	90.750000	54.850000	25.950000	24.310000
530.000000	150.990000	90.560000	56.010000	25.250000	23.760000
531.000000	150.510000	92.560000	55.620000	25.340000	23.960000
532.000000	149.780000	91.270000	56.280000	25.340000	22.670000
533.000000	151.840000	92.060000	56.570000	25.350000	23.390000
534.000000	151.370000	92.970000	55.390000	25.370000	23.760000
535.000000	152.140000	92.920000	56.770000	26.090000	23.270000
536.000000	151.390000	92.980000	55.520000	26.860000	22.680000
537.000000	151.320000	92.280000	56.840000	25.510000	22.710000
538.000000	150.900000	93.280000	56.130000	25.460000	24.250000
539.000000	152.590000	93.450000	57.140000	26.640000	24.440000
540.000000	151.740000	91.790000	56.730000	26.180000	24.240000
541.000000	152.410000	92.710000	57.290000	25.510000	23.890000
542.000000	152.830000	92.830000	57.310000	25.940000	23.540000
543.000000	152.230000	92.210000	56.870000	25.620000	23.240000
544.000000	151.730000	93.810000	57.360000	26.990000	23.640000
545.000000	152.510000	92.710000	57.300000	25.570000	23.010000
546.000000	151.840000	93.420000	55.980000	26.650000	23.800000
547.000000	151.960000	93.350000	55.930000	26.620000	23.070000
548.000000	152.770000	93.830000	56.890000	26.850000	22.950000
549.000000	152.530000	94.350000	58.040000	27.160000	24.560000
550.000000	153.480000	94.180000	56.860000	26.670000	24.000000
551.000000	153.730000	94.580000	56.530000	27.180000	23.010000
552.000000	152.060000	94.450000	57.170000	26.620000	23.700000
553.000000	152.730000	94.610000	57.220000	26.680000	23.890000
554.000000	153.500000	93.450000	56.590000	26.350000	22.910000
555.000000	153.930000	94.850000	56.600000	25.840000	24.010000
556.000000	154.190000	93.370000	57.310000	27.550000	23.380000
557.000000	153.820000	94.920000	57.110000	26.180000	23.600000
558.000000	152.750000	93.920000	58.030000	27.050000	23.310000
559.000000	153.470000	94.160000	58.320000	26.750000	23.380000
560.000000	153.960000	95.270000	57.160000	26.640000	23.270000
561.000000	154.790000	94.620000	58.820000	26.840000	23.710000
562.000000	153.450000	95.720000	57.720000	26.690000	24.360000
563.000000	154.170000	95.000000	58.560000	26.840000	24.370000
564.000000	155.330000	94.400000	59.210000	27.290000	23.430000
565.000000	155.410000	94.670000	57.970000	26.180000	23.820000
566.000000	154.570000	95.890000	59.110000	27.380000	24.790000
567.000000	154.160000	96.360000	57.820000	27.570000	23.070000
568.000000	155.070000	96.460000	58.180000	27.310000	24.010000
569.000000	154.850000	95.770000	59.320000	27.870000	24.410000
570.000000	154.450000	96.280000	59.660000	28.100000	23.910000
571.000000	155.280000	96.060000	58.560000	27.850000	24.490000
572.000000	156.180000	95.240000	58.920000	27.040000	23.900000
573.000000	154.700000	95.060000	59.610000	27.110000	23.290000
574.000000	154.770000	96.410000	59.620000	27.240000	23.990000
575.000000	155.190000	96.410000	59.260000	26.920000	24.120000
576.000000	154.940000	95.700000	59.730000	27.130000	23.970000
577.000000	154.820000	96.990000	58.390000	27.810000	24.140000
578.000000	156.310000	97.180000	59.110000	26.650000	24.850000
579.000000	156.320000	96.250000	60.240000	26.840000	23.740000
580.000000	155.130000	96.990000	59.590000	28.100000	23.890000
581.000000	155.280000	96.310000	59.090000	28.140000	23.330000
582.000000	156.820000	97.510000	59.190000	28.420000	24.070000
583.000000	155.650000	97.740000	60.350000	27.220000	24.680000
584.000000	156.930000	97.210000	59.290000	27.440000	23.200000
585.000000	155.820000	97.610000	60.380000	27.650000	24.730000
586.000000	157.030000	97.630000	60.620000	27.130000	24.160000
587.000000	156.950000	98.400000	60.820000	27.480000	23.120000
588.000000	156.690000	97.860000	59.920000	27.770000	23.720000
589.000000	157.930000	98.530000	59.270000	28.140000	24.690000
590.000000	158.050000	96.820000	59.770000	27.870000	23.940000
591.000000	157.870000	97.210000	60.360000	28.870000	25.120000
592.000000	158.050000	98.440000	61.390000	28.480000	24.050000
593.000000	158.220000	98.750000	60.200000	27.630000	25.040000
594.000000	157.950000	98.050000	61.410000	27.440000	24.420000
595.000000	157.140000	99.140000	61.220000	27.230000	23.340000
596.000000	157.460000	98.260000	59.820000	28.070000	23.960000
597.000000	157.960000	98.310000	60.130000	28.050000	24.180000
598.000000	157.940000	98.020000	61.380000	28.420000	23.460000
599.000000	158.650000	98.130000	61.490000	28.080000	24.470000
600.000000	157.470000	99.590000	61.460000	27.700000	24.700000
